0000028492	32500
0000028888	38800
0000025827	55450
0000029309	41800
0000028207	19200
0000025263	45000
0000024527	76000
0000024527	9850
0000023886	127700
0000004443	74250
0000008879	57300
0000018364	110800
0000019855	110600
0000029549	75800
0000010437	59549
0000010437	5001
0000011380	106600
0000016123	51200
0000028416	20650
0000017006	106800
0000018566	43800
0000009721	116300
0000015813	60800
0000017710	105800
0000013475	54600
0000014276	43200
0000009231	37250
0000012122	107500
0000013933	52000
0000011376	88300
0000017728	52500
0000028806	38963
0000014051	54350
0000017932	51850
0000017383	49800
0000010969	39900
0000018479	42400
0000028553	32750
0000008894	64650
0000007814	32500
0000020555	50800
0000022349	159250
0000015380	52000
0000015819	52400
0000014044	52100
0000015559	24000
0000014795	50050
0000015989	70400
0000014045	51950
0000025903	52400
0000015893	69550
0000018033	73500
0000019057	64300
0000018377	51600
0000025488	52650
0000012582	40200
0000019619	5600
0000027494	37900
0000018528	63450
0000027462	38650
0000016316	55300
0000022894	47700
0000024479	25900
0000027219	12000
0000002804	23200
0000014149	42000
0000027617	15500
0000026756	72000
0000019244	509497
0000019244	37600
0000015107	62100
0000013532	61850
0000008221	48300
0000015687	33000
0000014083	36550
0000011079	42700
0000016351	66800
0000016023	88300
0000021153	39100
0000029300	46850
0000020086	25800
0000013359	51000
0000027061	55100
0000024888	59800
0000026661	40050
0000016010	35700
0000021709	49700
0000014580	21500
0000016310	43150
0000020686	56200
0000023017	42000
0000025381	134700
0000009696	12750
0000024129	38800
0000029692	32700
0000025043	65150
0000014171	38400
0000029912	20880
0000026857	33500
0000008954	61850
0000030192	26450
0000012790	45600
0000026150	5000
0000016435	53600
0000016323	43300
0000020576	55900
0000029209	11600
0000024074	56750
0000026661	5000
0000023458	43600
0000015541	68750
0000011406	86000
0000012601	37250
0000026538	68550
0000019093	49050
0000029112	24700
0000025122	37000
0000022749	59650
0000015029	90600
0000029622	21250
0000029725	49400
0000016073	27700
0000029891	32400
0000029346	36500
0000030209	41750
0000020973	78700
0000027187	27450
0000027142	18450
0000028232	101450
0000029756	63450
0000026515	28150
0000015434	45500
0000015445	49900
0000029908	32900
0000026433	54700
0000030095	32400
0000027608	42550
0000030076	44500
0000012032	30000
0000021138	81700
0000009800	76300
0000024133	27950
0000029790	69300
0000024530	28250
0000016996	126350
0000022022	95750
0000022022	3000
0000022633	45200
0000025041	29130
0000029818	38450
0000030293	43050
0000010813	25650
0000011824	41760
0000030084	50500
0000026687	64400
0000030354	19900
0000029797	22050
0000002448	97450
0000005646	69600
0000030009	40150
0000015149	35900
0000030352	32250
0000030571	43800
0000017772	26550
0000030643	22650
0000017137	110000
0000024743	57300
0000019758	107410
0000007552	73000
0000006251	102000
0000022915	40200
0000020469	37300
0000004377	84740
0000005242	101820
0000017351	95050
0000015160	108150
0000018321	101000
0000019730	69600
0000019564	24750
0000019564	58000
0000022753	28000
0000030292	24000
0000011838	66950
0000030092	27150
0000030759	26500
0000015311	26900
0000012635	11750
0000023357	13300
0000017691	47600
0000024754	54000
0000030708	29600
0000030782	39250
0000030805	24350
0000030825	16900
0000028094	46750
0000027918	36700
0000021255	38900
0000028458	38300
0000028536	45800
0000005964	58500
0000029342	161500
0000014990	37970
0000015662	51450
0000028465	36250
0000026605	100900
0000028794	35700
0000028820	51700
0000017944	107750
0000014936	23800
0000026360	23600
0000019021	128100
0000013520	34800
0000018443	28900
0000016751	114050
0000017654	138100
0000017987	108400
0000016663	60600
0000012888	104850
0000013524	66550
0000017697	38100
0000017285	137600
0000029199	10300
0000024971	43800
0000026411	12000
0000028760	50200
0000013491	126600
0000014006	51850
0000029226	36800
0000017908	138800
0000018444	48100
0000015625	38150
0000025842	46650
0000015845	36400
0000012046	42050
0000018390	60000
0000024188	43000
0000023029	53400
0000021731	46650
0000013481	127900
0000012111	154300
0000013460	36290
0000012815	42050
0000012866	36000
0000014300	29000
0000022598	46150
0000008888	40500
0000010395	51050
0000026350	31950
0000011118	27650
0000027099	22000
0000013450	23200
0000027452	35750
0000029763	56750
0000026873	40500
0000013295	52150
0000016434	19350
0000017215	121600
0000026803	46550
0000027252	56750
0000010972	42550
0000025669	51500
0000011812	35650
0000021858	95600
0000014043	50000
0000029841	51700
0000015520	26200
0000025268	17150
0000014042	52500
0000009481	15500
0000014095	50000
0000029808	46400
0000029910	37300
0000020204	38400
0000014646	52200
0000012918	53600
0000015956	41900
0000015602	37350
0000020117	51750
0000026028	10400
0000019337	35900
0000027349	57100
0000028795	25550
0000013569	71200
0000015647	51900
0000024818	49050
0000016308	65200
0000011148	28450
0000026150	40950
0000010252	52400
0000027413	57300
0000007486	11900
0000011313	14000
0000027229	55500
0000023482	34900
0000014612	15850
0000021766	35000
0000011975	33850
0000016003	24100
0000028473	58600
0000011886	40700
0000024134	60700
0000026493	64600
0000012585	23750
0000021213	22450
0000013864	25300
0000026573	27500
0000029975	21500
0000026897	57000
0000014748	60250
0000026248	51000
0000020201	26700
0000018017	34950
0000016244	5000
0000016363	33600
0000011938	57800
0000027348	33100
0000020374	30550
0000026450	47980
0000019924	36000
0000012799	29000
0000013860	26650
0000021083	30150
0000022946	67000
0000029379	45200
0000027181	25200
0000029185	53150
0000009251	27600
0000027233	61700
0000020677	81000
0000012916	70700
0000030214	56750
0000028748	26900
0000016255	36150
0000016439	24700
0000029686	52000
0000015424	39500
0000014957	41550
0000029624	57900
0000026903	34850
0000027100	56850
0000028662	33700
0000020695	54150
0000028553	5000
0000028140	50000
0000028140	1900
0000025563	65550
0000022446	18000
0000030517	14500
0000012709	63290
0000027473	53650
0000024046	38650
0000014252	47500
0000030277	38150
0000029832	9100
0000022583	44550
0000020761	136150
0000027160	29200
0000027451	38800
0000030042	46500
0000015820	59700
0000030476	34400
0000026697	29000
0000030188	16150
0000018978	17000
0000015465	43000
0000030523	30200
0000030092	18600
0000030542	33200
0000005613	72200
0000030149	29150
0000030101	14500
0000030453	28300
0000016027	96000
0000019205	50470
0000030558	27050
0000030564	58000
0000028546	50650
0000017905	24750
0000030698	28100
0000008226	54100
0000029850	16400
0000013169	29950
0000019365	47950
0000019770	100600
0000005901	100250
0000004640	108300
0000016465	83000
0000017650	104000
0000016127	6100
0000016127	30050
0000015178	121600
0000025074	91000
0000020508	28000
0000030772	43500
0000014153	11000
0000014153	100
0000026267	105050
0000030799	45250
0000015152	63700
0000030611	26900
0000018333	23500
0000024072	47400
0000030850	49000
0000022060	88000
0000030367	34750
